1
2
5
6
9
11
12
17
19
21
26
28
29
30
31
32
34
37
39
42
43
47
49
52
56
60
64
65
66
68
70
71
75
78
79
82
84
85
86
87
90
95
100
105
109
111
112
120
121
122
126
127
129
134
135
137
139
144
146
147
149
157
160
163
166
167
171
173
174
175
176
182
188
189
190
196
198
200
203
204
211
213
218
222
229
232
234
235
236
240
241
243
246
247
249
251
254
264
266
270
271
273
278
279
280
285
286
288
289
290
292
296
304
307
309
311
314
318
320
321
322
323
326
329
332
335
338
344
347
348
353
357
359
360
364
366
367
368
374
377
380
381
383
393
397
401
403
410
411
412
414
418
422
423
425
431
432
434
436
439
441
447
448
453
454
458
459
465
466
468
469
472
474
477
479
484
488
489
491
493
494
496
497
498
499
500
503
505
511
524
525
527
528
533
537
540
549
552
555
557
559
560
562
563
564
565
567
568
569
570
575
578
584
589
590
597
598
601
602
603
604
608
610
623
624
632
633
639
640
641
645
649
652
655
657
658
659
662
663
667
670
671
675
676
679
681
682
683
685
689
690
691
692
695
696
697
700
701
702
703
704
705
706
708
711
717
718
719
721
724
725
731
733
736
742
744
747
749
753
757
760
761
763
771
772
773
774
775
778
784
785
786
790
793
796
798
802
803
807
809
811
813
814
818
819
821
826
829
830
833
834
835
838
839
840
843
844
848
854
856
859
862
867
868
870
871
875
883
884
885
886
887
889
891
896
904
906
907
912
914
916
918
920
922
928
930
931
932
933
938
939
940
946
947
949
950
953
954
957
959
961
965
971
972
973
975
977
980
982
983
986
988
989
992
998
999